255 255 255 255 255 255 255 255 255 255 255 255 255 255 255 255
255  30  88 255   3 255 167 167 167   0  88 255 255  88  30 255
255  88   0 255   8   0 255   0   0   0   0   8 255   0  88 255
255 255 255 255   0 255 255   0   0   0 255 247 255 255 255 255
255 250 255   8   8 247   0 255   0 247 255  15   8 247 170 255
255 255   0 255 247   0 255 255   0 255 255   8 255 255 167 255
255 255   0   0   8   0   0 255 255 255   0 255   0   0   0 255
255 167   0   0 255 255 255   0   0 255   0 255   0   0  88 255
255 255   0   0 255 255 255   0   0 255 255   0   0   0 167 255
255 255   0   0   0 255 255   0   0   0   0   8 255 255  88 255
255 167 255   0   8 255   0 255   0   0 255   0 255 255 167 255
255 250   0   0 239 247 255   0   8 255 247   8 247 255 165 255
255 255 255 255   0   0 255   0   0   0   0 255 255   0   0 255
255  88   0 255   0   0 255   0   0 255 255   0   0   0   0 255
255  30  88 255   3 255  88 167  88 167  88  88 167 255 197 255
255 255 255 255 255 255 255 255 255 255 255 255 255 255 255 255
255 255 255 255 255 255 255 255 255 255 255 255 255 255 255 255
255  30  88 255   3 255 167 167 167   0  88 255 255  88  30 255
255  88   0 255   8   0 255   0   0   0   0   8 255   0  88 255
255 255 255 255   0 255 255   0   0   0 255 247 255 255 255 255
255 250 255   8   8 247   0 255   0 247 255  15   8 247 170 255
255 255   0 255 247   0 255 255   0 255 255   8 255 255 167 255
255 255   0   0   8   0   0 255 255 255   0 255   0   0   0 255
255 167   0   0 255 255 255   0   0 255   0 255   0   0  88 255
255 255   0   0 255 255 255   0   0 255 255   0   0   0 167 255
255 255   0   0   0 255 255   0   0   0   0   8 255 255  88 255
255 167 255   0   8 255   0 255   0   0 255   0 255 255 167 255
255 250   0   0 239 247 255   0   8 255 247   8 247 255 165 255
255 255 255 255   0   0 255   0   0   0   0 255 255   0   0 255
255  88   0 255   0   0 255   0   0 255 255   0   0   0   0 255
255  30  88 255   3 255  88 167  88 167  88  88 167 255 197 255
255 255 255 255 255 255 255 255 255 255 255 255 255 255 255 255
255 255 255 255 255 255 255 255 255 255 255 255 255 255 255 255
255  30  88 255   3 255 167 167 167   0  88 255 255  88  30 255
255  88   0 255   8   0 255   0   0   0   0   8 255   0  88 255
255 255 255 255   0 255 255   0   0   0 255 247 255 255 255 255
255 250 255   8   8 247   0 255   0 247 255  15   8 247 170 255
255 255   0 255 247   0 255 255   0 255 255   8 255 255 167 255
255 255   0   0   8   0   0 255 255 255   0 255   0   0   0 255
255 167   0   0 255 255 255   0   0 255   0 255   0   0  88 255
255 255   0   0 255 255 255   0   0 255 255   0   0   0 167 255
255 255   0   0   0 255 255   0   0   0   0   8 255 255  88 255
255 167 255   0   8 255   0 255   0   0 255   0 255 255 167 255
255 250   0   0 239 247 255   0   8 255 247   8 247 255 165 255
255 255 255 255   0   0 255   0   0   0   0 255 255   0   0 255
255  88   0 255   0   0 255   0   0 255 255   0   0   0   0 255
255  30  88 255   3 255  88 167  88 167  88  88 167 255 197 255
255 255 255 255 255 255 255 255 255 255 255 255 255 255 255 255

255 255 255 255 255 255 255 255 255 255 255 255 255 255 255 255
255  30  88 255 170 167   0  88 167  88 167 165   0   0 197 255
255  88   0 255 247 255   0   0   0 255 255 255   0   0 255 255
255 255 255 255   8 255   0   0   0 255 255 247 255   0 167 255
255 255   8 247  15   8 255 255   0   8   0   8 255   0  88 255
255  88   0 255 255 255   0   0 255   0 255 247   0 255  88 255
255   0   0   0 247 255 255 255 255   0   0 255   0 255 167 255
255 167   0   0   0   0 255   0   0   0   0   8   0   0  88 255
255 167   0   0 255 255 255   0   0   0 255   0   0   0 167 255
255 167 255 255   0 255   0 255 255 255   0 255 255 255  88 255
255 255   0 255 247   0   0 255 255 255 255 247   0   0 255 255
255   3   8   0   8 247   8 255 255   0   8 239   0   0   3 255
255 255 255 255   8 255   0   0   0   0   0   0 255 255 255 255
255  88   0 255 255   0   0   0   0   0 255   0 255   0  88 255
255  30  88 255 250 255 255 167 255 255 167 250 255  88  30 255
255 255 255 255 255 255 255 255 255 255 255 255 255 255 255 255
255 255 255 255 255 255 255 255 255 255 255 255 255 255 255 255
255  30  88 255 170 167   0  88 167  88 167 165   0   0 197 255
255  88   0 255 247 255   0   0   0 255 255 255   0   0 255 255
255 255 255 255   8 255   0   0   0 255 255 247 255   0 167 255
255 255   8 247  15   8 255 255   0   8   0   8 255   0  88 255
255  88   0 255 255 255   0   0 255   0 255 247   0 255  88 255
255   0   0   0 247 255 255 255 255   0   0 255   0 255 167 255
255 167   0   0   0   0 255   0   0   0   0   8   0   0  88 255
255 167   0   0 255 255 255   0   0   0 255   0   0   0 167 255
255 167 255 255   0 255   0 255 255 255   0 255 255 255  88 255
255 255   0 255 247   0   0 255 255 255 255 247   0   0 255 255
255   3   8   0   8 247   8 255 255   0   8 239   0   0   3 255
255 255 255 255   8 255   0   0   0   0   0   0 255 255 255 255
255  88   0 255 255   0   0   0   0   0 255   0 255   0  88 255
255  30  88 255 250 255 255 167 255 255 167 250 255  88  30 255
255 255 255 255 255 255 255 255 255 255 255 255 255 255 255 255
255 255 255 255 255 255 255 255 255 255 255 255 255 255 255 255
255  30  88 255 170 167   0  88 167  88 167 165   0   0 197 255
255  88   0 255 247 255   0   0   0 255 255 255   0   0 255 255
255 255 255 255   8 255   0   0   0 255 255 247 255   0 167 255
255 255   8 247  15   8 255 255   0   8   0   8 255   0  88 255
255  88   0 255 255 255   0   0 255   0 255 247   0 255  88 255
255   0   0   0 247 255 255 255 255   0   0 255   0 255 167 255
255 167   0   0   0   0 255   0   0   0   0   8   0   0  88 255
255 167   0   0 255 255 255   0   0   0 255   0   0   0 167 255
255 167 255 255   0 255   0 255 255 255   0 255 255 255  88 255
255 255   0 255 247   0   0 255 255 255 255 247   0   0 255 255
255   3   8   0   8 247   8 255 255   0   8 239   0   0   3 255
255 255 255 255   8 255   0   0   0   0   0   0 255 255 255 255
255  88   0 255 255   0   0   0   0   0 255   0 255   0  88 255
255  30  88 255 250 255 255 167 255 255 167 250 255  88  30 255
255 255 255 255 255 255 255 255 255 255 255 255 255 255 255 255

254 252 251 249 248 249 248 247 250 251 248 249 248 247 248 255
251 202 182 170 157 164 137 136 175 186 146 153 138 128 145 255
247 130  86 149 145 131  90 112 143 130  64  80 102  83 133 255
248 146 104 114 133 176 138 141 134 113  74 125 130 112 152 255
249 158  88  92 139 153 146 174 130  82 121 159 133 105 158 255
246 115  97 106 157 133 116 152 127  92 118 151 117 119 112 255
248 143 121 135 115 105 126 135 144 100  88 118 143 166 152 255
248 139 108 131  75 108 160 131  76  81  70 117 148 176 197 255
250 174 132 107  76 100 129 141  94  62  49  64 117 112 183 255
251 195 150 129 100 116 119 140  98  78  93 136 112  94 182 255
249 170 159 157 138 132 105 130 123 152 116 179 139 144 143 255
248 143 132 145 133 171 140 122  91  71 122  98 125 117 176 255
248 145 107 139 168 139 116 123 143 121 118  90 111 102 146 255
247 130  83 116 132 152 144 119 101 128 123 109 102  78 132 255
248 145 133 154 169 114 140 166 131 125 194 180 153 134 146 255
255 255 255 255 255 255 255 255 255 255 255 255 255 255 255 255
254 252 251 249 248 249 248 247 250 251 248 249 248 247 248 255
251 202 182 170 157 164 137 136 175 186 146 153 138 128 145 255
247 130  86 149 145 131  90 112 143 130  64  80 102  83 133 255
248 146 104 114 133 176 138 141 134 113  74 125 130 112 152 255
249 158  88  92 139 153 146 174 130  82 121 159 133 105 158 255
246 115  97 106 157 133 116 152 127  92 118 151 117 119 112 255
248 143 121 135 115 105 126 135 144 100  88 118 143 166 152 255
248 139 108 131  75 108 160 131  76  81  70 117 148 176 197 255
250 174 132 107  76 100 129 141  94  62  49  64 117 112 183 255
251 195 150 129 100 116 119 140  98  78  93 136 112  94 182 255
249 170 159 157 138 132 105 130 123 152 116 179 139 144 143 255
248 143 132 145 133 171 140 122  91  71 122  98 125 117 176 255
248 145 107 139 168 139 116 123 143 121 118  90 111 102 146 255
247 130  83 116 132 152 144 119 101 128 123 109 102  78 132 255
248 145 133 154 169 114 140 166 131 125 194 180 153 134 146 255
255 255 255 255 255 255 255 255 255 255 255 255 255 255 255 255
254 252 251 249 248 249 248 247 250 251 248 249 248 247 248 255
251 202 182 170 157 164 137 136 175 186 146 153 138 128 145 255
247 130  86 149 145 131  90 112 143 130  64  80 102  83 133 255
248 146 104 114 133 176 138 141 134 113  74 125 130 112 152 255
249 158  88  92 139 153 146 174 130  82 121 159 133 105 158 255
246 115  97 106 157 133 116 152 127  92 118 151 117 119 112 255
248 143 121 135 115 105 126 135 144 100  88 118 143 166 152 255
248 139 108 131  75 108 160 131  76  81  70 117 148 176 197 255
250 174 132 107  76 100 129 141  94  62  49  64 117 112 183 255
251 195 150 129 100 116 119 140  98  78  93 136 112  94 182 255
249 170 159 157 138 132 105 130 123 152 116 179 139 144 143 255
248 143 132 145 133 171 140 122  91  71 122  98 125 117 176 255
248 145 107 139 168 139 116 123 143 121 118  90 111 102 146 255
247 130  83 116 132 152 144 119 101 128 123 109 102  78 132 255
248 145 133 154 169 114 140 166 131 125 194 180 153 134 146 255
255 255 255 255 255 255 255 255 255 255 255 255 255 255 255 255

255 255 255 255 255 255 255 255 255 255 255 255 255 255 255 255
248 145 133 152 158 112 152 197 183 182 143 176 146 132 146 255
247 128  83 112 105 119 166 176 112  94 144 117 102  78 134 255
248 138 102 130 133 117 143 148 117 112 139 125 111 102 153 255
249 153  80 125 159 151 118 117  64 136 179  98  90 109 180 255
248 146  64  74 121 118  88  70  49  93 116 122 118 123 194 255
251 186 130 113  82  92 100  81  62  78 152  71 121 128 125 255
250 175 143 134 130 127 144  76  94  98 123  91 143 101 131 255
247 136 112 141 174 152 135 131 141 140 130 122 123 119 166 255
248 137  90 138 146 116 126 160 129 119 105 140 116 144 140 255
249 164 131 176 153 133 105 108 100 116 132 171 139 152 114 255
248 157 145 133 139 157 115  75  76 100 138 133 168 132 169 255
249 170 149 114  92 106 135 131 107 129 157 145 139 116 154 255
251 182  86 104  88  97 121 108 132 150 159 132 107  83 133 255
252 202 130 146 158 115 143 139 174 195 170 143 145 130 145 255
254 251 247 248 249 246 248 248 250 251 249 248 248 247 248 255
255 255 255 255 255 255 255 255 255 255 255 255 255 255 255 255
248 145 133 152 158 112 152 197 183 182 143 176 146 132 146 255
247 128  83 112 105 119 166 176 112  94 144 117 102  78 134 255
248 138 102 130 133 117 143 148 117 112 139 125 111 102 153 255
249 153  80 125 159 151 118 117  64 136 179  98  90 109 180 255
248 146  64  74 121 118  88  70  49  93 116 122 118 123 194 255
251 186 130 113  82  92 100  81  62  78 152  71 121 128 125 255
250 175 143 134 130 127 144  76  94  98 123  91 143 101 131 255
247 136 112 141 174 152 135 131 141 140 130 122 123 119 166 255
248 137  90 138 146 116 126 160 129 119 105 140 116 144 140 255
249 164 131 176 153 133 105 108 100 116 132 171 139 152 114 255
248 157 145 133 139 157 115  75  76 100 138 133 168 132 169 255
249 170 149 114  92 106 135 131 107 129 157 145 139 116 154 255
251 182  86 104  88  97 121 108 132 150 159 132 107  83 133 255
252 202 130 146 158 115 143 139 174 195 170 143 145 130 145 255
254 251 247 248 249 246 248 248 250 251 249 248 248 247 248 255
255 255 255 255 255 255 255 255 255 255 255 255 255 255 255 255
248 145 133 152 158 112 152 197 183 182 143 176 146 132 146 255
247 128  83 112 105 119 166 176 112  94 144 117 102  78 134 255
248 138 102 130 133 117 143 148 117 112 139 125 111 102 153 255
249 153  80 125 159 151 118 117  64 136 179  98  90 109 180 255
248 146  64  74 121 118  88  70  49  93 116 122 118 123 194 255
251 186 130 113  82  92 100  81  62  78 152  71 121 128 125 255
250 175 143 134 130 127 144  76  94  98 123  91 143 101 131 255
247 136 112 141 174 152 135 131 141 140 130 122 123 119 166 255
248 137  90 138 146 116 126 160 129 119 105 140 116 144 140 255
249 164 131 176 153 133 105 108 100 116 132 171 139 152 114 255
248 157 145 133 139 157 115  75  76 100 138 133 168 132 169 255
249 170 149 114  92 106 135 131 107 129 157 145 139 116 154 255
251 182  86 104  88  97 121 108 132 150 159 132 107  83 133 255
252 202 130 146 158 115 143 139 174 195 170 143 145 130 145 255
254 251 247 248 249 246 248 248 250 251 249 248 248 247 248 255
